179
525
742
1171
1524
1770
1783
2147
2427
2807
3329
3514
3590
5310
5480
5829
5912
6403
6447
6523
7041
7775
9195
9390
11236
11543
11586
11615
11772
11779
11875
11909
11927
12000
12147
12175
12214
12397
12473
12486
12528
12535
12554
12575
12616
12693
12733
12750
12759
12775
12836
12869
12971
13173
13294
13852
14049
14363
14430
14493
14595
14767
14944
15033
15074
15325
15658
15935
16059
16446
16452
17234
17255
17291
17409
17534
17930
18119
18267
18418
18666
18909
19071
19109
19138
19270
19304
19540
19652
19926
19947
20042
20089
20253
20295
20358
20562
20581
20739
20866
20973
21055
21251
21313
21426
21534
21854
22030
22055
22236
22386
22529
22623
22679
22845
23176
23225
23448
23666
23669
23930
24072
24079
24358
24493
24763
24939
24994
25116
25128
25390
25474
25590
25738
25763
25873
25985
26015
26419
26480
26488
26517
26560
26657
27024
27112
27620
27728
28179
28286
28412
28495
28949
29010
29165
29173
29205
29230
29234
29256
29265
29285
29291
29300
29310
29343
29346
29355
29385
29408
29419
29466
29487
29491
29508
29593
29596
29608
29668
29826
29850
29872
29902
29908
29962
29992
30013
30046
30088
30107
30133
30165
30212
30243
30255
30275
30294
30319
30337
30403
30419
30487
30514
30543
30544
30550
30581
30630
30653
30659
30707
30720
30731
30766
30789
30845
30889
30925
30971
30980
31003
31036
31058
31089
31149
31162
31172
31193
31209
31222
31269
31297
31303
31305
31307
31360
31411
31429
31464
31471
31489
31505
31520
31539
31577
31588
31600
31632
31650
31656
31672
31710
31714
31734
31738
31752
31764
31779
31789
31824
31837
31851
31873
31883
31895
31923
31928
31934
31940
33059
33264
33702
34194
34257
34275
34381
34386
34439
34474
34515
34620
34687
35014
35032
35409
35541
35599
35640
35872
35988
36032
36046
36214
36483
37057
37331
37381
37406
37498
37553
37778
37908
38211
38516
38591
38604
38645
38668
38717
38759
38793
38823
38827
38867
38892
38927
38962
38977
39010
39032
39047
39070
39088
39103
39124
39141
39165
39173
39193
39212
39219
39232
39249
39269
39283
39294
39302
39311
39316
39319
39329
39342
39347
39362
39369
39379
39387
39391
39397
39404
39414
39432
39437
39453
39472
39503
39548
39569
39995
41134
41517
41525
43022
43410
44574
45180
45298
46047
46072
46244
46865
46895
46966
47073
47118
47185
47442
47597
47714
48073
48207
48553
48567
48989
49327
49499
49717
49812
49870
50063
50139
50174
50230
50301
50671
50749
50761
51122
51279
51420
51477
51687
51716
51811
51958
51962
52176
52220
52465
52784
52905
52979
53156
53288
53296
53395
53498
53517
53591
53599
53604
53666
54027
54198
54216
54218
54257
54563
54932
55104
55176
55547
55586
55739
56003
56083
56219
56236
56253
56284
56296
56321
56358
56370
56380
56398
56414
56427
56429
56431
56435
56444
56458
56472
56490
56497
56504
56517
56538
56555
56559
56570
56577
56579
56589
56597
56609
56634
56657
56662
56669
56687
56690
56712
56739
56811
56827
56833
56846
56878
56920
56935
57000
57045
57060
57101
57108
57166
57195
57213
57230
57248
57288
57305
57320
57331
57354
57371
57402
57441
57460
57484
57490
57511
57522
57552
57562
57582
